000001
000003
000004
000005
000007
000008
000011
000014
000015
000016
000017
000020
000021
000022
000031
000032
000033
000041
000042
000047
000048
000049
000054
000068
000071
000072
000074
000075
000078
000079
000080
000081
000082
000091
000092
000093
000105
000106
000107
000109
000110
000111
000112
000113
000115
000116
000117
000118
000119
000120
000121
000122
000123
000124
000125
000126
000127
000128
000129
000130
000131
000136
000137
000138
000139
000141
000142
000143
000147
000148
000149
000150
000151
000152
000165
000166
000167
000169
000170
000171
000172
000173
000174
000175
000176
000177
000178
000179
000180
000181
000182
000183
000184
000185
000186
000187
000188
000189
000190
000191
000192
000193
000194
000195
000196
000197
000198
000199
000200
000201
000202
000205
000206
000207
000208
000209
000212
000213
000214
000215
000216
000217
000218
000219
000220
000221
000222
000225
000226
000227
000235
000236
000237
000238
000239
000241
000244
000245
000246
000247
000248
000251
000252
000253
000254
000255
000256
000257
000258
000259
000260
000263
000264
000265
000266
000267
000268
000270
000271
000272
000273
000274
000275
000277
000278
000279
000286
000296
000302
000303
000304
000305
000306
000307
000308
000309
000310
000311
000312
000313
000314
000316
000317
000318
000319
000320
000326
000327
000328
000329
000333
000334
000335
000336
000338
000339
000341
000342
000345
000346
000347
000351
000352
000354
000355
000356
000357
000358
000360
000361
000362
000363
000366
000367
000368
000369
000370
000372
000373
000376
000377
000378
000385
000390
000398
000400
000401
000402
000403
000404
000405
000406
000407
000408
000409
000410
000411
000412
000413
000414
000415
000416
000417
000418
000419
000420
000421
000422
000423
000426
000427
000428
000429
000431
000432
000433
000435
000436
000437
000438
000440
000452
000457
000458
000462
000463
000465
000466
000467
000469
000473
000477
000479
000480
000481
000489
000490
000496
000497
000512
000513
000531
000557
000561
000562
000563
000564
000566
000567
000571
000572
000573
000574
000577
000583
000584
000585
000586
000587
000589
000590
000591
000592
000593
000594
000595
000596
000597
000598
000601
000603
000609
000610
000612
000613
000614
000616
000617
000619
000622
000623
000624
000628
000629
000630
000631
000632
000633
000634
000639
000646
000649
000652
000654
000655
000656
000663
000664
000667
000668
000669
000672
000674
000675
000676
000679
000684
000688
000689
000690
000692
000694
000695
000696
000697
000698
000706
000708
000711
000714
000717
000742
000743
000744
000746
000749
000751
000752
000753
000754
000755
000756
000757
000761
000763
000765
000766
000767
000768
000769
000770
000772
000774
000775
000776
000778
000780
000781
000782
000788
000793
000794
000796
000800
000801
000802
000803
000804
000805
000810
000812
000813
000814
000815
000817
000822
000823
000825
000826
000827
000828
000831
000834
000835
000839
000840
000841
000843
000844
000845
000849
000850
000854
000859
000865
000866
000867
000870
000875
000876
000877
000878
000879
000880
000884
000885
000886
000887
000900
000904
000906
000909
000910
000911
000913
000914
000915
000916
000926
000928
000929
000930
000931
000932
000933
000934
000935
000936
000937
000938
000939
000940
000942
000943
000945
000948
000950
000953
000954
000955
000958
000959
000960
000961
000962
000963
000965
000966
000967
000968
000969
000970
000971
000972
000973
000974
000975
000976
000977
000978
000979
000984
000986
000987
000988
000989
000990
000991
000992
000993
000994
000995
000996
000997
000998
001000
001008
001009
001034
001039
001040
001042
001043
001044
001045
001046
001047
001048
001051
001054
001055
001056
001059
001060
001061
001063
001064
001065
001067
001068
001069
001070
001071
001072
001073
001074
001075
001076
001086
001087
001088
001092
001093
001097
001102
001106
001110
001111
001112
001113
001117
001118
001119
001120
001121
001122
001123
001124
001125
001126
001127
001128
001133
001135
001136
001137
001138
001139
001140
001141
001142
001143
001144
001146
001147
001148
001149
001150
001152
001154
001155
001156
001157
001158
001159
001160
001161
001162
001163
001164
001165
001166
001167
001168
001169
001170
001171
001172
001173
001174
001178
001179
001180
001181
001182
001183
001184
001185
001186
001188
001189
001199
001202
001203
001222
001224
001230
001231
001238
001239
001241
001244
001245
001246
001247
001249
001250
001252
001253
001254
001255
001256
001257
001258
001259
001260
001261
001262
001263
001264
001265
001266
001267
001268
001280
001281
001282
001283
001284
001285
001286
001287
001289
001290
001291
001292
001293
001294
001295
001297
001298
001299
001300
001301
001302
001303
001304
001305
001306
001307
001309
001311
001312
001313
001314
001315
001316
001317
001318
001319
001320
001321
001322
001323
001324
001325
001326
001327
001328
001329
001330
001331
001332
001333
001334
001335
001336
001337
001338
001339
001340
001341
001342
001343
001345
001347
001348
001349
001351
001352
001355
001356
001357
001358
001359
001361
001362
001363
001365
001366
001367
001368
001369
001370
001371
001373
001375
001376
001379
001380
001381
001384
001385
001387
001388
001389
001400
001402
001403
001404
001405
001406
001407
001408
001409
001410
001411
001412
001413
001414
001415
001416
001417
001418
001419
001420
001421
001422
001423
001424
001425
001426
001427
001428
001429
001433
001437
001438
001443
001444
001445
001446
001447
001448
001449
001450
001451
001453
001454
001455
001456
001457
001458
001459
001460
001463
001464
001466
001467
001468
001469
001470
001473
001474
001475
001476
001479
001490
001491
001492
001493
001494
001495
001496
001499
001500
001501
001502
001503
001504
001505
001506
001507
001508
001510
001511
001512
001513
001515
001517
001518
001521
001522
001523
001524
001528
001531
001533
001534
001535
001536
001537
001538
001539
001540
001541
001542
001543
001545
001546
001547
001548
001549
001550
001551
001552
001557
001558
001560
001561
001563
001564
001565
001566
001567
001568
001569
001570
001571
001572
001574
001575
001577
001578
001580
001582
001583
001584
001585
001586
001587
001588
001589
001590
001591
001594
001595
001597
001598
001599
001600
001602
001604
001605
001606
001607
001608
001609
001611
001612
001613
001615
001616
001618
001620
001622
001623
001626
001627
001628
001629
001630
001632
001635
001636
001637
001638
001639
001640
001641
001643
001644
001645
001650
001651
001652
001653
001654
001655
001659
001661
001662
001663
001664
001665
001667
001670
001671
001672
001673
001674
001675
001676
001677
001679
001680
001681
001682
001683
001685
001686
001687
001688
001691
001692
001694
001695
001700
001701
001702
001703
001704
001705
001706
001708
001709
001712
001713
001714
001715
001716
001717
001718
001719
001723
001724
001726
001727
001728
001729
001730
001733
001734
001735
001736
001737
001739
001740
001741
001742
001743
001744
001750
001751
001752
001753
001754
001755
001756
001757
001758
001759
001760
001761
001762
001763
001764
001766
001767
001768
001769
001772
001773
001775
001776
001777
001778
001779
001781
001785
001791
001792
001794
001795
001796
001797
001798
001799
001800
001802
001803
001809
001810
001811
001813
001814
001815
001819
001822
001823
001824
001827
001829
001830
001834
001837
001838
001840
001841
001845
001846
001847
001848
001849
001851
001852
001854
001855
001858
001859
001860
001861
001862
001863
001864
001865
001866
001868
001869
001872
001873
001874
001875
001876
001877
001878
001881
001882
001883
001884
001885
001886
001887
001888
001889
001890
001891
001892
001896
001897
001899
001910
001911
001912
001914
001915
001917
001918
001919
001924
001936
001940
001941
001948
001949
001950
001956
001975
001977
001978
001979
001983
001984
001985
001986
001990
001993
001994
001997
001998
001999
002020
002021
002025
002026
002027
002030
002031
002033
002040
002041
002042
002043
002045
002046
002047
002048
002049
002051
002052
002053
002054
002055
002056
002057
002058
002059
002060
002061
002062
002063
002065
002066
002067
002068
002071
002072
002073
002074
002075
002076
002079
002080
002081
002082
002083
002084
002085
002086
002087
002088
002089
002090
002091
002092
002093
002094
002095
002096
002097
002098
002099
002100
002101
002102
002103
002104
002105
002106
002107
002108
002109
002110
002112
002113
002114
002115
002116
002117
002120
002121
002123
002124
002128
002130
002131
002132
002133
002134
002135
002136
002137
002138
002139
002140
002141
002142
002143
002144
002145
002146
002147
002148
002149
002150
002152
002153
002154
002156
002157
002158
002159
002160
002162
002163
002165
002166
002167
002168
002169
002170
002172
002173
002174
002175
002178
002182
002186
002187
002188
002189
002190
002191
002192
002193
002194
002196
002197
002198
002199
002206
002207
002208
002209
002210
002211
002212
002213
002214
002215
002218
002219
002220
002221
002222
002223
002224
002225
002226
002227
002228
002229
002230
002231
002232
002233
002236
002237
002238
002239
002242
002244
002245
002246
002249
002250
002251
002252
002254
002255
002256
002259
002261
002262
002263
002264
002265
002266
002267
002268
002269
002270
002271
002272
002273
002274
002275
002279
002300
002301
002303
002304
002305
002306
002307
002308
002309
002310
002311
002312
002313
002314
002315
002316
002317
002322
002323
002326
002327
002328
002330
002331
002332
002333
002334
002335
002336
002337
002338
002339
002340
002341
002342
002345
002348
002349
002350
002351
002354
002355
002356
002357
002358
002360
002361
002362
002363
002364
002365
002366
002367
002368
002369
002370
002371
002372
002373
002374
002375
002376
002377
002378
002379
002380
002381
002382
002383
002385
002387
002388
002389
002391
002392
002393
002395
002396
002397
002398
002399
002400
002401
002403
002404
002407
002408
002409
002410
002411
002412
002413
002414
002415
002416
002417
002418
002419
002420
002421
002422
002423
002425
002426
002427
002429
002430
002431
002432
002434
002435
002436
002437
002438
002440
002441
002442
002443
002445
002446
002447
002448
002449
002450
002451
002452
002453
002454
002456
002458
002461
002462
002464
002465
002466
002467
002468
002470
002471
002474
002476
002477
002478
002479
002480
002481
002482
002483
002485
002486
002487
002488
002489
002490
002491
002492
002494
002497
002498
002499
002500
002501
002502
002503
002504
002505
002506
002507
002508
002509
002510
002512
002513
002514
002515
002516
002518
002519
002528
002530
002531
002532
002533
002534
002535
002536
002537
002538
002539
002552
002553
002554
002555
002558
002559
002564
002566
002568
002569
002580
002581
002582
002583
002584
002585
002588
002589
002590
002591
002592
002593
002594
002595
002596
002597
002598
002599
002603
002604
002607
002610
002611
002612
002614
002615
002616
002617
002618
002619
002621
002622
002623
002624
002625
002626
002627
002628
002629
002632
002633
002634
002635
002636
002637
002638
002639
002640
002641
002642
002643
002644
002648
002651
002652
002653
002654
002655
002657
002658
002659
002660
002661
002662
002664
002665
002666
002667
002668
002669
002670
002671
002674
002675
002677
002678
002681
002682
002683
002684
002685
002686
002688
002689
002690
002691
002692
002693
002695
002696
002697
002698
002699
002700
002701
002702
002703
002711
002712
002714
002715
002716
002717
002718
002719
002720
002721
002723
002724
002725
002726
002727
002728
002729
002730
002731
002732
002734
002735
002736
002737
002738
002739
002742
002743
002764
002768
002770
002771
002772
002773
002774
002775
002776
002777
002778
002779
002781
002782
002783
002784
002785
002786
002789
002790
002791
002792
002793
002794
002795
002796
002797
002798
002801
002803
002804
002805
002806
002807
002808
002809
002810
002811
002812
002813
002814
002815
002816
002817
002818
002819
002820
002821
002822
002823
002824
002825
002826
002827
002830
002832
002833
002834
002835
002836
002837
002838
002839
002842
002843
002844
002845
002846
002848
002849
002850
002851
002853
002854
002856
002857
002858
002859
002860
002862
002864
002865
002866
002867
002868
002869
002870
002871
002872
002873
002874
002875
002876
002877
002878
002880
002881
002882
002887
002888
002896
002897
002898
002899
002921
002922
002923
002924
002927
002928
002929
002930
002931
002932
002933
002934
002935
002938
002939
002941
002947
002948
002949
002952
002955
002959
002970
002971
002978
002980
002982
002984
002985
002986
002987
002988
002989
002991
002992
002993
002994
002995
002997
002998
002999
003004
003015
003016
003017
003021
003023
003024
003026
003027
003028
003029
003030
003031
003033
003035
003036
003037
003038
003041
003044
003045
003046
003047
003048
003049
003050
003051
003053
003054
003055
003056
003057
003058
003059
003062
003063
003064
003073
003074
003091
003092
003093
003094
003095
003096
003097
003098
003099
003100
003101
003102
003103
003104
003105
003106
003117
003118
003119
003120
003121
003122
003123
003124
003125
003130
003131
003132
003133
003134
003135
003140
003141
003142
003143
003144
003145
003149
003154
003156
003157
003175
003179
003180
003181
003182
003183
003186
003187
003189
003190
003191
003192
003194
003199
003218
003220
003221
003222
003224
003225
003226
003227
003240
003241
003242
003243
003244
003245
003247
003248
003250
003251
003254
003255
003256
003257
003258
003259
003260
003261
003262
003265
003266
003268
003269
003270
003271
003272
003273
003274
003275
003276
003277
003278
003279
003280
003282
003283
003285
003286
003287
003288
003289
003290
003292
003295
003298
003299
003301
003302
003304
003305
003308
003309
003310
003313
003319
003320
003324
003325
003327
003328
003329
003330
003331
003332
003334
003335
003336
003337
003338
003339
003340
003341
003343
003344
003345
003346
003349
003350
003351
003352
003353
003354
003355
003356
003357
003358
003362
003367
003368
003369
003370
003371
003372
003373
003374
003376
003377
003378
003379
003380
003381
003382
003383
003394
003395
003396
003397
003409
003410
003411
003425
003426
003427
003428
003429
003434
003435
003445
003446
003447
003452
003453
003454
003455
003456
003463
003464
003466
003469
003470
003471
003472
003484
003485
003487
003490
003491
003492
003493
003495
003496
003497
003500
003501
003504
003505
003510
003511
003512
003514
003526
003527
003528
003529
003541
003547
003549
003551
003559
003560
003564
003565
003566
003573
003574
003575
003582
003586
003587
003601
003602
003605
003607
003618
003648
003651
003654
003655
003660
003661
003662
003664
003665
003667
003668
003669
003671
003672
003681
003682
003683
003692
003693
003703
003717
020002
020003
020005
020009
020010
020011
020012
020015
020018
020019
020020
020021
020022
020023
020026
020027
020028
020029
020033
020034
020035
020036
040001
040002
040004
040005
040007
040008
040009
040010
040011
040012
040013
040015
040016
040018
040019
040020
040021
040022
040023
040025
040026
040035
040036
040037
040040
040041
040045
040046
040047
040048
040180
040190
050001
050002
050004
050006
050007
050010
050011
050012
050013
050014
050015
050016
050018
050019
050024
050025
050028
050029
050030
050106
050111
050116
050119
050123
050128
050201
050203
070001
070002
070003
070005
070006
070009
070010
070011
070012
070013
070015
070016
070017
070018
070019
070020
070021
070022
070023
070025
070026
070027
070030
070031
070032
070033
070037
070038
080008
080009
080015
090001
090002
090003
090004
090006
090007
090008
090009
090010
090011
090012
090013
090015
090016
090017
090018
090019
090020
092002
096001
100016
100018
100020
100022
100026
100029
100032
100035
100037
100038
100039
100050
100053
100055
100056
100058
100060
100061
100066
100068
100072
100073
110001
110002
110003
110005
110007
110008
110009
110010
110011
110012
110013
110015
110017
110018
110019
110023
112002
118001
118002
121001
121002
121003
121005
121006
121008
121009
121010
121012
121013
128013
150103
150162
150166
150173
150174
150186
150188
150189
150190
150191
150195
150289
150306
159901
159902
159903
159905
159906
159907
159908
159909
159910
159911
159912
159913
159915
159916
159918
159919
159920
159921
159922
159923
159924
159925
159926
159927
159928
159929
159930
159931
159932
159933
159934
159935
159936
159937
159938
159939
159940
159941
159942
159943
159944
159945
159946
159948
159949
160121
160128
160132
160136
160211
160213
160215
160216
160217
160218
160220
160223
160224
160225
160226
160311
160314
160322
160505
160512
160513
160514
160515
160516
160518
160519
160520
160521
160522
160523
160602
160603
160605
160607
160608
160612
160613
160615
160616
160617
160618
160620
160621
160622
160624
160627
160631
160632
160633
160634
160635
160636
160638
160639
160640
160642
160706
160716
160717
160721
160805
160807
160808
160810
160812
160813
161010
161015
161025
161027
161028
161029
161030
161035
161115
161116
161117
161118
161119
161120
161121
161122
161123
161124
161213
161216
161219
161224
161225
161227
161230
161231
161232
161505
161506
161507
161610
161611
161612
161613
161614
161616
161618
161619
161620
161624
161625
161626
161627
161629
161630
161706
161713
161714
161715
161716
161719
161721
161722
161723
161724
161725
161726
161727
161810
161811
161812
161813
161815
161818
161819
161820
161821
161822
161823
161824
161827
161828
161831
161834
161902
161903
161907
161908
161910
161911
162010
162102
162105
162107
162108
162201
162202
162203
162204
162205
162207
162208
162209
162210
162211
162212
162213
162214
162216
162299
162307
162308
162411
162509
162510
162511
162605
162607
162703
162711
162712
162714
162715
162716
162717
162907
163001
163003
163005
163007
163110
163111
163117
163119
163208
163209
163210
163211
163302
163402
163406
163407
163409
163411
163412
163415
163503
163801
163803
163804
163805
163806
163807
163808
163809
163810
163811
163812
163813
163816
163817
163818
163819
163821
163822
163823
163824
163825
163826
163827
163907
163909
163910
164205
164206
164208
164210
164302
164303
164304
164401
164402
164403
164508
164509
164510
164701
164702
164703
164808
164809
164810
164811
164812
164814
164815
164818
164902
164905
164906
164907
164908
165309
165311
165313
165314
165315
165317
165508
165509
165510
165511
165512
165513
165515
165516
165517
165525
165526
165527
165528
165530
165705
165707
165806
165807
166001
166002
166004
166005
166006
166007
166008
166009
166010
166011
166012
166016
166020
166021
166022
166301
166401
166801
166802
166902
166903
166904
166905
167001
167002
167301
167501
167503
167701
168001
168104
168105
168106
168107
168201
169101
169102
169103
169104
169105
169201
180001
180002
180003
180012
180013
180015
180018
180025
180026
180028
180029
180030
180031
180033
200001
200002
200006
200007
200008
200009
200010
200011
200012
200013
200015
200016
200113
202009
202101
202102
202103
202105
202107
202108
202110
202202
202211
206001
206003
206004
206005
206006
206007
206010
206011
206012
206013
206015
206018
210001
210002
210003
210004
210005
210006
210007
210008
210009
210010
210014
213002
213917
217203
229002
240001
240002
240003
240004
240005
240008
240009
240010
240011
240012
240013
240014
240016
240017
240018
240019
240020
240022
253010
253020
253021
253030
253060
253061
255010
257030
257040
257050
257060
260101
260103
260104
260108
260109
260110
260111
260112
260115
260116
260117
261101
261102
262001
263001
270022
270023
270041
270042
270043
270044
270045
270048
270049
270050
288001
288002
288102
290002
290003
290004
290005
290006
290007
290008
290009
291007
310308
310318
310328
310358
310368
310378
310379
310388
310398
310508
310518
320001
320003
320004
320005
320006
320007
320008
320009
320010
320011
320012
320013
320014
320015
340001
340006
340007
340008
340009
350001
350002
350005
350006
350009
360001
360005
360006
360007
360008
360009
360010
360011
360012
360013
360014
360016
371020
371120
372010
372110
373010
375010
376510
377530
379010
380005
380006
380009
395001
395011
395012
398021
398031
398041
398051
398061
399001
410001
410003
410004
410005
410006
410007
410008
410009
420001
420002
420003
420005
420008
420009
420102
420108
450001
450002
450003
450004
450005
450006
450007
450008
450009
450010
450011
450018
450019
457001
460001
460002
460003
460005
460007
460008
460009
460010
460108
460220
470006
470007
470008
470009
470010
470011
470018
470021
470028
470058
470059
470068
470078
470088
470089
470888
481001
481004
481006
481008
481009
481010
481012
481013
481015
481017
483003
485005
485007
485011
485019
485105
485107
485111
485114
485119
486001
486002
487016
487021
501000
501001
501002
501005
501006
501015
501017
501018
501021
501022
501023
501025
501026
501028
501050
502013
502053
510010
510020
510030
510050
510060
510070
510090
510110
510120
510130
510150
510160
510170
510180
510190
510210
510220
510230
510260
510270
510280
510290
510300
510310
510330
510360
510410
510420
510430
510440
510500
510510
510520
510580
510630
510650
510660
510680
510810
510880
510900
511010
511210
511220
512000
512070
512100
512110
512120
512220
512230
512300
512310
512330
512340
512500
512600
512610
512660
512680
512880
512990
513100
513500
513600
518800
519001
519002
519003
519005
519007
519008
519011
519013
519015
519017
519018
519019
519020
519021
519022
519023
519024
519026
519029
519030
519032
519033
519034
519035
519039
519050
519051
519055
519056
519057
519061
519062
519066
519068
519069
519078
519110
519111
519112
519120
519121
519126
519128
519129
519134
519135
519136
519153
519162
519170
519171
519172
519173
519176
519177
519180
519181
519183
519185
519186
519187
519188
519189
519190
519191
519195
519196
519197
519198
519199
519206
519207
519208
519209
519220
519221
519222
519223
519224
519225
519300
519320
519519
519601
519602
519606
519610
519611
519612
519613
519614
519615
519616
519617
519618
519619
519620
519621
519623
519624
519640
519641
519642
519644
519646
519647
519648
519651
519652
519653
519654
519655
519656
519657
519661
519662
519663
519664
519665
519666
519667
519668
519670
519671
519672
519673
519674
519675
519676
519677
519678
519679
519680
519682
519683
519685
519686
519688
519690
519692
519694
519696
519697
519698
519726
519727
519729
519730
519740
519743
519745
519748
519749
519752
519753
519755
519756
519758
519759
519770
519771
519772
519773
519774
519775
519776
519777
519778
519779
519781
519908
519909
519915
519918
519929
519933
519935
519937
519939
519940
519941
519942
519943
519944
519945
519947
519949
519951
519953
519955
519956
519957
519959
519960
519961
519962
519963
519965
519967
519969
519971
519972
519973
519975
519976
519977
519979
519981
519983
519985
519987
519989
519991
519993
519994
519996
530001
530003
530005
530006
530008
530009
530010
530011
530012
530015
530016
530017
530018
530019
530020
530021
531008
531009
531017
531020
531021
539001
539002
539003
540001
540002
540004
540005
540006
540007
540008
540009
540010
541005
550001
550002
550003
550004
550005
550006
550007
550008
550009
560002
560003
560005
560006
570001
570005
570006
570007
570008
571002
573003
582201
582202
585001
590009
610001
610002
610003
610004
610005
610006
610007
610008
610103
610108
630001
630002
630003
630005
630006
630007
630008
630009
630103
630107
630109
650001
650002
660001
660002
660003
660004
660005
660006
660008
660009
660010
660011
660012
660013
660014
660015
660102
660109
671010
673010
673020
673030
673040
675081
675083
680001
686868
686869
688888
690001
690002
690003
690004
690005
690006
690007
690008
690009
690011
690202
700001
700002
700003
700004
700005
700006
710301
710302
720001
720002
720003
730001
730002
740001
740101
750001
750002
750003
750005
770001
960000
960001
960002
960003
960004
960005
960006
960007
960008
960010
960011
960012
960016
960018
960020
960021
960022
960023
960024
960026
960027
960028
960029
968000
968001
968003
968004
968006
968007
968010
968011
968012
