20140101
20140131
20140203
20140204
20140205
20140206
20140407
20140501
20140502
20140602
20140908
20141001
20141002
20141003
20141006
20141007
20150101
20150102
20150218
20150219
20150220
20150223
20150224
20150406
20150501
20150622
20150903
20150904
20151001
20151002
20151005
20151006
20151007
20160101
20160208
20160209
20160210
20160211
20160212
20160404
20160502
20160609
20160610
20160915
20160916
20161003
20161004
20161005
20161006
20161007
20170102
20170127
20170130
20170131
20170201
20170202
20170403
20170404
20170501
20170529
20170530
20171002
20171003
20171004
20171005
20171006
20180101
20180215
20180216
20180219
20180220
20180221
20180405
20180406
20180430
20180501
20180618
20180924
20181001
20181002
20181003
20181004
20181005